activeMiners:



pastBlockTemplates:



lastBlockHash:
{
	"": "6e23fe7a7b82e9effc3d024aac6425b665501007cc7e8c2be7b1ee1bf22fd610"
}



lastCoinHashFactor:
{
	"": 1
}



currCoinHashFactor:
{
	"": 1
}



activeBlockTemplate:
{
	"": {
		"blob": "0808b3b6c0e2056e23fe7a7b82e9effc3d024aac6425b665501007cc7e8c2be7b1ee1bf22fd6100000000001efb21601ffb3b21601fefba195a0ff01023e0dec4d0270246855e5703c5bc2df2e168d261e1d5fc00d97321d6c0eb6ba8a3401e450796de3e12f560250e75e91f7249e49fb5c3efbb94514851d1667e170f6180211000000000000000000000000000000000000000000000000000000000000000000000000000000000000000000000000000000",
		"idHash": "fabb871b3a91b735f480522ce774a6ca",
		"difficulty": 588777132,
		"height": 366899,
		"reserveOffset": 129,
		"buffer": {
			"type": "Buffer",
			"data": [
				8,
				8,
				179,
				182,
				192,
				226,
				5,
				110,
				35,
				254,
				122,
				123,
				130,
				233,
				239,
				252,
				61,
				2,
				74,
				172,
				100,
				37,
				182,
				101,
				80,
				16,
				7,
				204,
				126,
				140,
				43,
				231,
				177,
				238,
				27,
				242,
				47,
				214,
				16,
				0,
				0,
				0,
				0,
				1,
				239,
				178,
				22,
				1,
				255,
				179,
				178,
				22,
				1,
				254,
				251,
				161,
				149,
				160,
				255,
				1,
				2,
				62,
				13,
				236,
				77,
				2,
				112,
				36,
				104,
				85,
				229,
				112,
				60,
				91,
				194,
				223,
				46,
				22,
				141,
				38,
				30,
				29,
				95,
				192,
				13,
				151,
				50,
				29,
				108,
				14,
				182,
				186,
				138,
				52,
				1,
				228,
				80,
				121,
				109,
				227,
				225,
				47,
				86,
				2,
				80,
				231,
				94,
				145,
				247,
				36,
				158,
				73,
				251,
				92,
				62,
				251,
				185,
				69,
				20,
				133,
				29,
				22,
				103,
				225,
				112,
				246,
				24,
				2,
				17,
				0,
				0,
				0,
				0,
				122,
				242,
				1,
				0,
				0,
				0,
				0,
				0,
				0,
				0,
				0,
				0,
				0,
				0,
				0,
				0,
				0,
				0,
				0,
				0,
				0,
				0,
				0,
				0,
				0,
				0,
				0,
				0,
				0,
				0,
				0,
				0,
				0,
				0,
				0,
				0,
				0,
				0,
				0,
				0,
				0,
				0,
				0,
				0,
				0,
				0,
				0
			]
		},
		"previous_hash": {
			"type": "Buffer",
			"data": [
				110,
				35,
				254,
				122,
				123,
				130,
				233,
				239,
				252,
				61,
				2,
				74,
				172,
				100,
				37,
				182,
				101,
				80,
				16,
				7,
				204,
				126,
				140,
				43,
				231,
				177,
				238,
				27,
				242,
				47,
				214,
				16
			]
		},
		"extraNonce": 0,
		"clientNonceLocation": 141,
		"clientPoolLocation": 137,
		"coin": "",
		"port": 38081
	}
}



proxyMiners:
{}



anchorBlockHeight: 366899



anchorBlockPrevHeight: 366899



walletTrust:
{}



walletLastSeeTime:
{}



walletAcc:
{}



walletWorkerCount:
{}



is_walletAccFinalizer:
{}
