activeMiners:



pastBlockTemplates:



lastBlockHash:
{
	"": "6e23fe7a7b82e9effc3d024aac6425b665501007cc7e8c2be7b1ee1bf22fd610"
}



lastCoinHashFactor:
{
	"": 1
}



currCoinHashFactor:
{
	"": 1
}



activeBlockTemplate:
{
	"": {
		"blob": "0808b3b6c0e2056e23fe7a7b82e9effc3d024aac6425b665501007cc7e8c2be7b1ee1bf22fd6100000000001efb21601ffb3b21601fefba195a0ff0102bf143ec90c33e436b0315b973d5f1467697452a3b4f6cf9082574f3d8f7616e534011248612a9a76a685b06f3f5868ee39f3a2164f83620b1181738248a51ee3090d0211000000000000000000000000000000000000000000000000000000000000000000000000000000000000000000000000000000",
		"idHash": "b9b7bfbe4354446d12289e164ec21c5c",
		"difficulty": 588777132,
		"height": 366899,
		"reserveOffset": 129,
		"buffer": {
			"type": "Buffer",
			"data": [
				8,
				8,
				179,
				182,
				192,
				226,
				5,
				110,
				35,
				254,
				122,
				123,
				130,
				233,
				239,
				252,
				61,
				2,
				74,
				172,
				100,
				37,
				182,
				101,
				80,
				16,
				7,
				204,
				126,
				140,
				43,
				231,
				177,
				238,
				27,
				242,
				47,
				214,
				16,
				0,
				0,
				0,
				0,
				1,
				239,
				178,
				22,
				1,
				255,
				179,
				178,
				22,
				1,
				254,
				251,
				161,
				149,
				160,
				255,
				1,
				2,
				191,
				20,
				62,
				201,
				12,
				51,
				228,
				54,
				176,
				49,
				91,
				151,
				61,
				95,
				20,
				103,
				105,
				116,
				82,
				163,
				180,
				246,
				207,
				144,
				130,
				87,
				79,
				61,
				143,
				118,
				22,
				229,
				52,
				1,
				18,
				72,
				97,
				42,
				154,
				118,
				166,
				133,
				176,
				111,
				63,
				88,
				104,
				238,
				57,
				243,
				162,
				22,
				79,
				131,
				98,
				11,
				17,
				129,
				115,
				130,
				72,
				165,
				30,
				227,
				9,
				13,
				2,
				17,
				0,
				0,
				0,
				0,
				121,
				242,
				1,
				0,
				0,
				0,
				0,
				0,
				0,
				0,
				0,
				0,
				0,
				0,
				0,
				0,
				0,
				0,
				0,
				0,
				0,
				0,
				0,
				0,
				0,
				0,
				0,
				0,
				0,
				0,
				0,
				0,
				0,
				0,
				0,
				0,
				0,
				0,
				0,
				0,
				0,
				0,
				0,
				0,
				0,
				0,
				0
			]
		},
		"previous_hash": {
			"type": "Buffer",
			"data": [
				110,
				35,
				254,
				122,
				123,
				130,
				233,
				239,
				252,
				61,
				2,
				74,
				172,
				100,
				37,
				182,
				101,
				80,
				16,
				7,
				204,
				126,
				140,
				43,
				231,
				177,
				238,
				27,
				242,
				47,
				214,
				16
			]
		},
		"extraNonce": 0,
		"clientNonceLocation": 141,
		"clientPoolLocation": 137,
		"coin": "",
		"port": 38081
	}
}



proxyMiners:
{}



anchorBlockHeight: 366899



anchorBlockPrevHeight: 366899



walletTrust:
{}



walletLastSeeTime:
{}



walletAcc:
{}



walletWorkerCount:
{}



is_walletAccFinalizer:
{}
